5.469401
7.439339
7.915102
6.540186
4.654062
8.816540
9.198301
5.380267
9.811523
6.611673
4.877256
5.734534
8.177937
5.800724
8.495828
9.766754
9.588266
9.654929
9.932954
4.966169
8.737442
6.298210
6.210720
10.033241
4.335724
9.418796
10.874286
8.231076
8.182755
7.234235
7.401947
9.676054
9.429714
10.312257
6.399283
7.641549
7.430491
8.082195
6.232205
7.249580
8.035955
7.193389
6.815033
9.008328
10.711565
8.339922
7.448715
5.903877
7.812067
7.428134
6.393522
8.547028
7.936033
7.773443
5.408540
7.144133
11.109429
7.877517
8.445284
8.284154
9.335732
9.637103
10.928979
8.277486
3.398051
7.185423
7.120858
12.592552
8.413603
4.057588
6.867942
7.123170
7.798368
8.694039
9.845191
7.038819
9.388684
4.841654
9.969013
8.390530
7.891706
2.301951
8.997993
7.499248
9.026201
6.404629
8.800548
6.883494
7.785185
7.430961
8.575142
5.757490
6.350510
9.268006
8.741875
5.924636
7.886902
8.516861
8.659020
5.268112
8.804862
9.814627
10.394178
8.305236
7.922194
2.672633
7.946684
7.420680
7.342381
8.190144
10.359976
8.997857
9.292258
9.203664
9.153958
13.639170
7.413263
5.509240
9.419800
6.018015
9.585741
6.679402
6.476460
5.645065
6.608388
8.673474
7.086358
6.607385
11.863401
7.584545
6.918890
4.579548
5.996727
10.549330
7.354831
7.554841
9.115914
7.837806
8.505787
5.333400
8.291873
7.427156
10.392150
10.251437
8.948882
12.017034
10.664659
7.187151
8.406482
7.708798
7.261507
5.211761
7.997717
6.139207
6.786876
6.195909
7.813320
8.701730
8.249793
4.831375
9.736313
7.237095
6.485262
6.288908
5.838000
9.368150
5.776563
9.126835
8.998386
9.953058
6.928870
6.893177
8.879191
8.586314
7.821899
9.269196
8.902739
8.287650
8.055962
8.442362
12.127208
8.769874
6.809054
8.825113
8.685118
5.670402
8.787634
9.992882
9.069629
9.212588
6.716405
8.528434
15.675282
6.415932
9.553224
7.277405
8.984651
8.692344
10.707883
8.273759
11.371115
8.101286
9.457101
9.059280
10.947962
8.901591
10.518307
8.812742
9.888542
10.976456
7.281241
8.182769
14.836256
8.358572
10.434584
11.074940
6.537674
9.709683
7.576938
9.220000
7.755886
9.120942
7.682231
8.826223
8.836044
7.245821
8.869335
10.059902
9.285906
7.420039
10.519776
8.655193
11.843144
9.273035
11.393965
8.943030
8.069814
5.298646
9.256797
8.443652
6.261885
7.798713
7.594121
10.010779
9.840071
8.495427
7.831890
4.350064
6.791407
7.317824
12.072391
8.028673
10.530075
6.096816
10.174328
11.386999
12.033045
5.718305
9.204960
8.193587
6.603677
8.854159
6.131395
7.380611
6.324732
8.944554
6.600946
7.102571
7.969733
8.549782
5.785276
9.302921
3.442812
5.026202
9.122682
11.736960
7.714362
7.807474
10.741715
8.477530
6.326326
8.328367
9.433128
8.260214
10.385559
8.435215
7.783314
8.276878
9.480258
8.863122
7.669389
10.642069
5.744790
5.308540
8.858471
5.585778
7.210950
8.714263
8.202801
8.100331
6.671397
7.541438
10.372531
5.844841
10.042682
7.152528
10.726066
7.454938
11.767779
7.069718
6.297207
10.264116
7.018215
9.573016
3.336017
6.662368
5.833811
8.530997
7.647877
9.445302
4.210140
8.397710
7.321552
7.744787
7.560179
8.829971
9.073896
6.043405
8.270710
8.171748
7.936403
9.462159
5.058082
10.719346
10.490717
9.321808
8.507568
6.756146
10.594271
9.552797
3.051032
8.559676
6.497084
9.144592
8.502294
6.357224
7.756084
11.006930
5.129418
5.908376
8.308402
3.964839
6.746329
5.389628
11.914060
8.243994
8.640272
6.334351
5.624996
8.071518
7.975532
10.420448
6.144676
7.841496
9.543496
9.510836
4.154836
3.735483
8.573666
5.232823
9.770631
8.834059
9.357130
10.246452
11.564598
8.186348
8.745635
6.866450
9.001029
9.218924
7.924104
6.410245
6.141794
6.950191
3.842237
6.622551
8.047996
2.887313
9.277479
7.734531
8.505417
5.670247
10.356114
10.233405
9.545867
9.337225
8.582750
9.147752
8.128253
3.506325
6.207385
5.670598
9.788292
8.525112
9.645131
8.243894
8.610302
8.947373
8.876246
10.256225
8.112523
5.975427
11.132965
6.574900
4.684809
5.879193
6.750631
5.850882
5.673031
8.130193
4.736318
5.105862
10.078199
7.212416
7.159850
11.042519
6.170721
7.363443
6.716367
7.096864
7.768983
9.176191
9.003336
8.422470
4.176078
11.413749
8.751615
7.484492
9.382019
8.271795
9.777000
10.777500
8.856849
7.222523
11.780608
7.247027
9.874265
9.664871
6.183769
5.584870
6.331884
8.929311
6.099672
5.848218
12.019530
6.283188
8.973644
8.614247
5.965478
8.335080
6.113464
7.621696
7.664728
7.428688
10.842199
5.570913
8.731621
7.153932
12.285529
9.647329
10.672291
6.899268
5.104421
3.648987
8.192312
6.024953
8.438574
6.761127
8.965129
9.141786
8.480349
7.501098
7.815556
5.920830
10.600368
7.090036
5.321300
5.603343
8.061546
10.660265
8.753135
10.906438
5.880780
9.484721
5.376656
4.604755
10.310668
7.603367
6.301313
9.154645
6.362914
9.238009
8.433504
4.271422
7.925067
8.022327
8.309706
8.537549
9.190769
6.547232
5.633762
6.887587
7.309353
9.781694
8.861321
7.750046
7.417191
9.518586
5.255310
8.187608
5.284364
9.310650
13.726584
5.882907
10.316006
6.203475
12.566533
9.782418
5.661405
10.738947
4.279166
7.431322
6.632207
9.761045
7.370449
10.331550
7.909916
5.889649
6.793084
7.012438
11.776402
11.066116
6.758006
5.151793
6.892447
7.613719
9.657408
5.977975
6.425564
5.208178
6.452756
7.796981
7.272379
5.177467
8.166555
5.530008
5.527716
7.241885
11.182067
6.238161
6.949138
10.353318
7.440415
8.466423
9.059616
11.180676
8.565118
8.876933
13.452039
7.542613
7.749885
8.867515
9.520362
9.704490
7.884029
8.965561
8.405014
10.860644
9.411370
8.266240
9.084514
6.652093
9.182357
8.196553
8.455534
12.017298
8.274632
8.913516
10.940371
7.730982
4.640934
5.922836
4.046808
6.794091
7.442493
8.162366
7.671533
8.183158
8.544570
8.614412
7.577373
5.926564
9.696565
8.586519
8.871596
7.204303
8.532855
10.128887
4.605834
8.473773
9.327738
4.961663
8.207381
12.506328
8.393050
8.216872
7.976153
9.072279
6.190021
8.335589
9.585834
9.106186
8.586666
10.216192
12.182989
4.501328
10.093713
5.379395
9.658650
6.158234
8.695565
9.166392
10.317153
6.340337
8.242387
7.916335
5.826957
9.697394
6.890916
9.554388
6.462915
9.050049
12.400945
11.211612
9.719476
8.222319
8.120636
9.106048
7.827591
7.300204
3.473338
7.647694
6.315942
7.766762
7.216400
9.244996
6.805983
9.441048
7.511934
9.021918
6.537780
10.175958
5.264905
7.607889
8.890485
6.912479
9.152280
5.439592
10.018959
4.874608
7.952027
9.108833
10.105908
9.593502
8.447862
7.347758
10.852712
8.853611
8.230786
5.257104
7.817139
6.851103
10.027678
5.926263
6.326351
8.638169
8.984501
8.824491
9.145702
8.430319
8.461084
6.486786
7.042298
6.982196
7.833276
6.913347
9.572794
7.396030
10.059425
6.260396
10.566489
10.263916
7.534844
9.119400
10.798695
10.156966
7.408496
11.773018
9.271053
6.706320
8.779727
8.948165
8.378482
6.695125
8.043199
10.123965
5.700567
5.743459
5.920690
7.393736
12.908334
4.117844
9.220632
13.762417
6.581023
3.418854
2.908771
12.015939
10.301527
8.229703
10.682158
6.818074
8.476979
9.406455
5.431448
10.778588
7.151818
4.620617
8.150905
6.196895
9.123356
5.484019
8.889532
9.492076
9.165615
10.261114
10.681288
9.881317
6.478666
7.179738
8.793917
4.415598
9.826660
8.425513
5.787194
9.549333
12.225218
8.003102
9.501228
12.612785
11.059240
5.890740
7.843785
8.901220
7.363868
8.400647
9.812103
11.184406
7.726052
6.596658
6.972793
7.770300
4.152495
7.741680
8.438080
8.015569
11.324221
6.182717
7.633579
8.010332
7.537097
5.599728
4.740241
2.155131
6.485724
6.071461
9.484474
7.573088
7.258680
7.936904
8.015687
6.168606
10.664637
9.151656
8.727509
5.338883
6.438620
5.865499
7.876021
9.387499
4.773561
2.894945
7.301864
5.459564
9.781336
4.795546
5.832030
6.800260
9.375308
9.841151
8.521769
10.381504
5.316958
8.129927
11.392549
8.898971
8.055130
5.717223
9.035175
9.971914
7.049124
11.617456
5.957301
8.594205
6.911037
6.149550
5.320550
7.327422
5.468481
6.856489
8.700181
6.021946
9.774488
6.751205
9.224006
5.256051
12.943445
8.613031
4.495490
10.247044
8.675823
11.736549
8.488102
8.694632
6.724139
7.239995
8.107662
7.140214
8.306029
8.552721
8.322233
6.755662
7.573166
5.850159
5.195357
10.863826
9.066711
5.178652
10.834334
8.377180
7.731882
7.412527
7.644918
10.451049
3.642641
6.075737
6.008437
8.018009
8.856664
7.070729
8.464576
7.353576
10.850602
5.252570
9.782161
8.039307
4.927353
10.612115
5.615686
8.981347
6.398236
6.616322
9.550108
7.992197
4.575002
8.111439
6.960523
9.679057
11.369152
7.908923
5.944789
2.599359
9.136985
8.221515
11.218993
6.342405
7.570165
7.726886
7.344205
9.625869
9.946297
10.109604
4.151752
8.836926
7.520823
9.565432
6.320122
11.051146
6.265661
11.894563
5.662442
12.091327
6.812671
8.923572
9.778830
10.107319
6.360573
6.069735
10.337622
8.643003
8.849144
9.331282
7.742592
7.962796
7.534737
9.262187
10.874535
5.750191
9.150830
5.585695
7.311769
7.578729
4.510641
6.326729
8.169192
4.119867
7.377486
3.982317
8.011259
7.504106
9.493369
9.938437
6.663362
7.005828
7.704998
9.711309
5.389573
5.876286
7.973259
9.761308
8.669104
11.547058
10.739375
11.244768
7.250106
6.567961
8.515749
11.334007
6.835715
12.677740
6.910119
10.202046
5.943540
7.182545
9.052954
11.049567
8.570966
8.403114
6.535299
7.535544
6.485223
6.930186
9.395401
8.349150
7.737675
9.834987
9.673532
9.021571
12.252876
7.544083
9.995346
11.308583
6.211924
10.620276
9.420227
8.616185
11.272003
8.582677
7.012552
8.388331
7.846582
11.222607
6.307029
4.927936
12.563566
6.811079
5.958256
8.265725
8.406983
10.458024
9.184935
9.726887
9.281219
9.744639
6.553950
8.613488
7.831696
7.824676
8.226267
5.917028
8.969134
6.541967
6.293442
8.188678
8.794516
6.137849
5.784393
8.736349
9.125428
8.982120
8.661775
5.410250
10.264739
8.730404
8.463294
10.762291
7.314884
4.610653
5.346907
9.332745
4.243400
7.437302
9.998050
6.264739
6.719492
8.328743
8.634123
9.713924
7.977278
7.438093
9.073678
11.179900
4.956635
7.750723
8.908339
9.174548
10.856538
7.375137
7.285327
5.578614
5.583690
10.538828
5.825753
7.737247
7.040440
8.332579
7.594953
10.320884
8.142313
12.571955
6.811851
6.526704
9.740595
9.062734
9.124607
7.403065
7.501722
7.166879
12.130105
5.208067
13.100425
10.974128
5.819884
5.691371
11.148215
6.749813
10.678729
8.178961
7.602832
7.190120
6.716391
8.142334
7.364036
6.983686
8.891003
7.459181
6.866668
10.252537
8.450694
5.695897
8.254822
13.816633
11.613708
6.131681
6.712391
7.353866
9.680786
10.514452
4.657675
6.912232
9.553673
7.901855
6.701670
8.197360
9.780779
6.812826
8.926178
6.563415
6.301341
9.547272
7.420970
14.111675
8.177855
7.935563
9.332662
9.376703
8.795909
9.492484
10.585516
7.068814
5.529454
9.433559
9.009051
9.098091
7.057558
6.580133
7.560580
7.782439
7.729593
9.124006
8.309928
10.423403
9.385285
10.547108
10.701648
9.883721
8.434534
7.307453
8.640616
8.406380
8.207403
7.813866
6.944395
7.670966
10.392353
8.482349
10.435300
6.476694
9.414908
6.870945
10.828671
4.889888
6.413096
8.856405
7.951696
7.675563
7.848908
9.087530
9.689575
9.254368
7.415252
9.646109
7.328909
7.197283
4.720502
7.021707
8.197871
7.717937
11.919937
8.224061
7.124286
7.810060
8.026946
8.145061
9.042978
11.836222
8.575609
10.118596
7.047034
7.596812
6.968449
3.900838
10.876977
7.735972
5.558711
9.183161
9.355409
6.902829
10.761866
6.374557
3.227454
7.921337
6.830202
6.476925
10.242904
5.007884
6.034499
7.421150
7.724257
8.923183
5.689923
6.198948
6.993799
10.128276
7.971171
6.301359
6.160800
10.310840
9.454198
9.930607
4.028482
6.647957
6.029830
9.842310
6.051900
7.844845
7.019945
8.331255
8.004020
12.307878
9.008944
4.429279
7.387790
8.855987
9.089284
9.416852
7.667838
4.605870
9.614990
8.083925
7.197727
10.469517
7.756839
7.673554
3.749601
6.832949
8.408818
10.456099
5.999747
9.403685
7.798989
9.507288
8.827801
7.350820
12.799244
10.788718
6.375666
8.806026
9.026826
9.554840
9.497324
8.624106
7.934259
7.356498
11.522373
9.273505
11.222242
7.749436
10.309948
8.298942
4.834076
9.123292
13.220514
3.894986
7.900930
10.449763
4.506328
7.053455
4.461511
7.684904
8.831407
5.022460
5.502019
5.989376
4.682368
8.704342
6.836495
7.432811
8.055629
8.309473
9.571551
8.414661
5.551775
4.850553
9.928614
9.043123
5.341976
4.983406
6.488961
8.251742
7.890995
5.954534
7.738317
6.430939
8.546067
7.694482
9.951436
10.416537
10.488737
10.046592
8.386407
5.429673
9.156517
9.792161
10.519235
4.684831
4.799743
9.938803
13.431310
6.909373
6.494770
6.390087
6.631337
7.488916
5.628373
9.523793
7.986586
9.612869
9.122343
9.737117
9.771340
7.881881
7.795277
10.998599
6.442613
6.915329
7.220443
7.492887
7.869694
8.754346
7.434633
5.737734
7.360168
4.543283
9.204400
7.285373
10.615605
10.587921
6.520215
7.310090
6.941359
6.624176
5.845916
5.305045
9.108743
5.426300
7.522797
9.543681
6.450273
10.585236
7.970130
9.300765
10.273428
6.060682
8.802687
8.987898
5.452173
9.437166
7.675621
8.399879
9.385077
3.257425
4.406192
7.111401
8.952200
8.680568
9.528415
6.975491
6.241582
5.501375
3.365188
5.315996
9.328651
7.626318
7.461839
9.565756
9.569746
7.493647
8.774654
3.354736
10.244759
6.086734
9.107170
8.445291
10.654030
11.202942
8.860921
11.292469
4.518048
6.670052
9.268186
7.336680
8.067258
3.774250
8.113407
6.188595
7.162521
4.470112
7.739442
9.490142
8.233509
7.958633
7.325218
8.356099
10.081616
9.074332
4.310674
7.855929
8.598441
6.286758
5.833418
9.504097
8.686773
8.106771
3.318025
4.595298
4.992801
10.088645
10.788177
11.543224
9.415028
10.272221
5.709277
6.105555
11.972312
11.262519
5.534910
11.527023
4.413930
4.168377
4.181858
12.130563
6.898111
6.586853
7.558689
9.640743
7.219793
9.477715
9.740689
7.028076
7.665067
9.053292
8.652959
6.151545
6.506032
10.294351
8.257310
6.272016
4.201672
6.981451
10.348865
7.239058
8.041042
10.260172
7.601693
5.823780
9.041578
6.237537
8.605831
6.970797
6.409174
11.937197
9.698800
9.106216
7.200597
11.656129
3.847464
5.571316
11.936283
9.200320
9.825121
10.394488
10.526119
7.512274
7.496505
8.839186
8.505357
13.178568
9.878077
11.058103
8.926855
4.087049
10.050409
6.923505
10.201134
7.885128
9.124735
13.354074
6.390641
10.424825
9.200145
7.292038
6.098740
8.346210
7.720055
7.549464
9.027126
4.803180
3.026308
3.715044
6.753141
11.630652
10.831897
9.695928
8.210636
11.746595
8.637973
6.844655
10.850764
5.815620
8.912530
5.715311
7.103015
7.386933
7.393038
10.104308
7.591692
9.947707
7.313051
6.333770
11.515390
6.624613
6.176040
9.927866
12.100041
9.756381
5.920824
9.069623
8.243754
8.043934
9.329073
7.678120
12.519925
8.436315
10.110724
7.382177
7.052030
7.807506
7.576541
5.265299
7.562076
9.924603
7.922534
10.625670
7.572357
11.016301
5.063648
12.389724
8.255634
6.418093
7.003627
7.149268
8.084053
5.863805
6.243242
3.919358
7.707554
7.605725
8.138496
8.250971
8.529040
9.723215
12.961105
6.452459
9.046872
10.301994
8.185735
8.194981
8.947094
10.196299
10.309195
7.602997
7.677142
6.950268
6.908965
5.916524
12.636835
10.346917
9.887284
10.515411
9.079940
10.011363
9.210184
9.595283
8.859955
10.141665
8.350778
10.908892
6.181039
9.432035
7.302737
6.479415
8.174537
6.506369
8.069572
7.934782
10.671269
5.092503
6.441760
8.081964
7.466802
9.729616
9.071712
8.926860
9.878595
6.787512
7.617021
8.115738
6.986657
5.676286
9.064399
7.581736
7.671885
7.686882
6.909764
5.244516
11.027650
5.347902
6.621090
5.582161
8.096554
6.998176
8.735633
11.558919
6.005531
9.338800
10.376012
7.340052
6.936468
7.016650
7.704406
6.330188
4.506004
8.353847
7.074634
9.960670
10.084339
7.946079
7.028576
11.011225
7.241722
9.533215
9.537018
6.807445
8.586060
10.787545
7.820235
10.050865
6.251532
8.971144
7.134186
7.335552
7.650738
7.826007
12.327915
3.885524
10.816043
12.318243
5.609413
4.101547
8.379860
10.062180
7.921915
6.791093
6.141406
9.483772
7.853079
6.758482
6.522735
6.763051
11.788821
8.148684
9.452809
5.736832
7.953581
8.382365
11.010120
8.301969
7.255478
4.949761
7.878442
7.786538
12.224591
8.292847
5.395923
4.849216
7.331413
5.457984
8.474887
5.407694
10.000098
11.046449
8.727526
7.277291
7.395879
5.573373
7.984740
8.646777
5.438099
9.709999
8.552399
7.201768
3.095971
8.271585
3.706584
8.554889
5.956620
8.169019
7.992988
10.812020
8.868600
10.830719
9.386792
7.572832
7.399139
11.460558
5.356555
9.606164
6.535425
8.083800
7.329237
11.084193
10.915327
7.045527
6.955476
7.708543
8.919424
6.662748
6.637048
10.233498
6.339088
8.794417
10.708757
8.477854
7.285773
5.297214
9.300161
4.198898
10.592645
5.885534
7.850686
8.988736
12.106618
9.776556
9.290037
7.347436
7.795886
10.638714
8.547175
10.152269
9.074539
7.688217
7.326818
5.993684
9.958762
7.304272
12.054681
6.852907
8.192106
8.467696
6.244751
6.189339
5.272490
8.713187
10.715653
5.167539
9.855246
6.485496
8.546907
7.268776
4.621846
11.112806
8.584685
11.456866
4.015371
7.928574
11.251337
6.294327
9.439621
7.536431
7.921554
8.072954
5.885257
8.728248
4.471528
5.970330
10.332202
10.078988
8.842854
9.839898
12.796711
5.818449
8.675378
11.072960
6.769234
9.186654
5.428997
9.007910
9.482349
5.359843
9.054961
12.794793
4.938268
10.443582
8.355829
8.220252
9.665163
8.292523
5.197154
11.944538
7.522115
9.013252
6.139179
7.631137
7.531903
13.634691
6.902399
12.843023
4.101062
9.562911
9.592024
6.982847
8.959035
10.737452
11.747983
10.188359
6.542228
5.666918
7.448235
9.303457
10.823062
10.709021
7.460636
9.664001
9.993626
4.877438
6.980558
8.803799
8.421009
6.432316
7.016546
8.323061
9.837116
7.598362
7.768108
7.051937
10.859439
7.294709
7.594995
8.164848
8.130474
7.752156
8.148582
6.631011
9.102936
6.697177
8.817990
4.224108
8.666564
7.836290
8.052049
8.022131
3.961618
8.760841
6.730745
7.034941
8.678886
6.476759
7.140955
10.150890
8.752808
6.396611
6.110231
8.005384
8.458610
7.939264
11.446643
8.644678
5.451937
8.489785
4.834084
8.476722
7.328937
4.602094
6.494727
8.615544
7.517738
6.912982
7.300439
9.542689
9.913792
11.559967
5.563439
6.934504
8.609704
6.795584
6.561582
8.328819
9.430357
10.270964
7.178251
6.125521
5.808914
7.584611
8.895200
6.988456
9.926280
7.302958
7.086187
7.541453
6.582730
7.723973
6.802151
6.360986
8.626676
12.236434
8.675169
10.185375
6.760781
7.796434
7.091353
9.734374
9.633380
7.423393
9.740741
6.995378
8.670961
7.462688
9.301443
6.823235
9.124103
10.629629
9.506737
9.351649
6.492883
11.725274
8.714613
11.528872
7.621187
5.400343
5.450547
11.751117
9.245885
6.087884
10.195394
7.006450
8.429956
5.567356
4.537939
9.402642
7.489109
8.266486
6.331133
7.587125
8.064229
6.619263
4.537151
8.654132
8.872617
5.843372
6.566211
9.826953
4.849192
7.335463
7.361021
7.041337
7.465620
7.103929
8.695871
7.342475
4.019539
6.184557
7.899209
7.106293
7.897760
6.315391
8.322361
9.028710
7.534454
8.025133
5.765260
7.261907
7.377873
10.760660
9.611862
7.071512
8.915582
7.849759
7.723027
5.442996
3.864446
7.437909
10.834091
7.212060
12.477657
4.702248
9.243515
2.592339
6.036731
10.079166
