8.727007
6.665719
8.813952
5.062404
6.935154
6.238910
7.761124
7.685509
6.136346
5.537808
13.732949
4.242658
10.244901
10.552844
8.090943
6.041850
9.897622
7.711544
7.595429
4.892294
5.753126
6.294860
10.540625
7.363349
6.555210
9.166964
4.894370
8.784188
8.588132
8.965526
7.378527
7.269034
7.196059
5.205408
5.989788
8.549275
6.932146
7.255214
4.836164
9.499967
9.494557
6.246793
9.071407
5.867547
5.329699
7.684584
6.578620
6.821048
5.508339
7.075398
10.359159
7.692648
5.341230
8.781993
9.919764
9.298466
10.509361
11.609688
9.084712
5.917797
11.034507
5.634814
7.860765
9.166538
9.115159
11.109332
10.071437
4.144879
4.076108
4.199437
6.594433
7.344222
11.719479
6.663655
7.626889
6.112222
11.264450
9.079216
12.427557
5.747116
5.891674
12.070772
8.006878
8.684894
8.044233
8.462306
4.922178
9.849396
10.396404
7.227322
7.073073
8.613422
9.014709
5.751399
7.849413
6.541367
6.895681
2.831003
7.454087
7.090890
7.592580
7.907228
8.031009
4.667327
8.451366
9.857242
9.907781
9.540380
10.962832
4.614763
5.185283
7.586527
7.088448
9.060503
6.652983
8.205491
5.586446
8.052427
6.307419
9.201889
8.189427
10.273882
9.502378
8.495084
5.495313
6.647909
10.667393
6.572828
9.395970
9.481148
7.255412
9.844107
9.174997
5.715380
8.964360
11.202321
6.840061
9.748195
9.383971
10.768637
8.007983
9.073339
9.420116
7.716526
6.609953
4.220669
5.264384
7.656088
9.044197
7.595764
6.247910
7.380587
6.912244
11.768105
8.051510
5.984257
10.290142
4.610740
9.223064
8.095733
6.826982
11.657148
9.628971
11.058591
6.755341
7.391806
6.913936
10.038599
5.707068
9.989125
9.711193
4.629253
10.763084
9.610818
6.956646
10.065959
6.177618
10.002121
7.291682
10.214882
8.966903
8.752158
10.981943
6.784316
8.297167
8.701618
8.090644
6.618486
10.065556
6.942956
9.543278
7.681324
8.576215
8.598941
10.883379
5.416449
8.958455
9.604530
5.546470
8.605936
5.797285
7.609290
9.554453
6.014429
10.132418
7.679560
6.886662
5.009415
10.683111
8.697291
10.388608
9.193257
6.012954
5.318757
8.413191
4.757122
6.340566
11.017973
5.663429
4.258526
6.624108
10.086255
9.223570
10.252142
9.853896
8.198413
9.876211
4.929238
5.350006
6.945239
6.384650
9.569571
8.070538
6.135630
6.468327
9.339061
5.203841
6.805389
8.795409
3.682430
5.512886
7.302090
8.264316
11.072979
6.565496
11.104411
6.760508
9.701719
8.910329
7.916334
6.906216
8.836968
5.375510
7.688917
7.359684
6.480644
7.113530
7.230103
7.325391
7.282441
7.945891
8.649848
7.449200
6.106360
6.629955
6.006038
10.128938
6.985646
7.104818
6.277996
6.389898
9.786391
8.429941
7.808125
7.885702
8.267410
8.696016
8.849704
8.562176
10.045177
9.849086
2.426816
6.054466
8.682672
7.926119
10.142291
6.917109
11.404559
7.111572
8.360636
5.928113
7.803475
7.082763
7.321873
8.489916
8.135394
7.797531
8.959393
6.598477
8.893688
7.664505
9.709982
7.278354
9.816198
9.871468
7.076784
5.809691
8.684243
10.663833
6.972576
6.993936
6.223391
10.139438
12.682867
5.170661
6.000181
7.601658
9.202675
5.699453
7.595013
11.720403
8.746813
7.079264
10.412234
8.460406
7.249084
7.257765
11.604188
11.618967
9.731210
12.025264
8.057474
10.617213
6.002231
8.498491
8.847000
8.061229
10.480738
6.242992
9.986971
10.153181
6.716816
7.963355
7.238705
4.953374
9.492917
7.228320
8.908929
6.623251
6.459033
8.828356
9.440439
9.206581
8.675749
11.572642
10.535548
8.733924
7.675102
5.825992
10.458610
9.801721
8.306760
7.427825
6.880717
9.569607
5.571435
8.232492
8.616218
7.496010
10.531258
6.610930
10.532755
9.455869
4.496646
4.990915
3.251776
7.331275
5.378443
6.151571
11.326660
7.587316
7.377408
5.972030
7.422978
10.252085
8.746938
8.520088
4.972868
7.941387
9.164489
8.373246
8.215047
12.444753
6.937945
6.957189
8.921684
5.565424
8.062210
5.915442
7.280452
3.794503
8.395056
11.206936
8.730631
9.506241
6.571665
8.844002
7.677310
5.257882
9.003388
9.647481
9.472244
11.108392
4.634399
5.162486
10.016893
7.675922
6.934473
9.008057
7.521212
10.631405
10.127518
9.240523
2.779615
8.963607
3.630643
6.727103
7.357287
9.375155
10.030357
8.491529
6.436093
6.196709
9.230348
7.413574
8.795717
8.977869
9.595547
8.849364
7.386508
7.003267
6.768305
6.376992
6.884859
8.328479
7.122853
11.123169
4.442151
6.841270
4.812670
9.877090
8.582793
10.404206
11.489350
7.401462
7.849273
7.448893
11.796669
6.304844
9.034524
6.709833
6.882813
8.255018
6.617401
6.548944
9.471144
8.894351
10.861727
9.761981
9.102486
5.809057
9.215450
6.685671
10.013917
10.702329
8.840876
8.376279
7.104327
8.441399
11.095835
6.447320
10.205783
8.188910
10.247830
8.820121
10.872054
3.999588
5.059015
6.286282
9.034993
7.433561
4.803001
7.870630
6.057325
5.822874
7.072538
10.520407
8.982290
9.589765
7.409816
