10.122657
8.942928
10.501129
6.390447
8.933310
9.628904
5.346046
7.445535
14.063904
9.745398
10.779834
6.179935
5.230687
7.716567
5.393282
6.565169
11.725364
10.430014
4.972102
11.220810
14.341021
9.650356
7.341461
4.446229
8.454561
8.756127
9.686327
7.141668
10.871466
8.766010
4.135010
10.521387
9.595092
9.997849
4.564689
10.218148
14.359620
6.161372
8.426201
6.673808
9.217643
7.521868
10.199335
5.726135
6.435700
7.270943
8.715503
7.981900
8.809156
8.890629
8.518015
6.968131
5.947893
8.832320
6.366177
3.301653
6.238681
9.321255
12.209816
7.438649
8.674742
11.726698
5.899120
8.367092
7.643278
6.925219
6.467799
7.344156
6.633620
7.939998
8.992700
7.211784
8.575479
6.054711
7.378141
8.231434
3.812124
7.274898
6.353003
10.167720
5.607939
10.846369
9.945704
8.867557
7.230646
10.090221
8.099303
2.849953
9.486195
8.910534
12.830906
9.098822
8.786300
9.601805
7.625200
9.525424
9.530860
7.157001
9.483134
10.641688
6.793648
11.172723
9.961043
8.079074
5.830937
9.362142
6.995764
5.786552
12.741729
9.021272
7.282944
11.112372
7.074579
10.973113
8.231425
7.390643
5.588847
6.857782
7.043400
9.772331
5.173710
9.539544
10.498739
7.987649
7.872461
9.130991
6.718724
6.552754
7.139544
7.090797
10.089787
8.548914
9.271444
5.203730
6.906560
8.892029
6.274823
7.735695
8.547733
9.509213
8.385484
9.134102
7.932874
8.250739
5.813307
5.607963
6.692613
7.384393
8.487144
4.086785
9.117928
7.462376
8.952674
7.019912
9.222529
8.264440
4.592369
8.762365
10.789938
5.680138
7.018975
6.365184
6.868314
9.058202
10.646669
7.734665
10.326577
9.327920
6.976941
9.389852
4.555089
10.059538
6.418558
5.105570
4.479465
6.790216
8.856493
10.114498
7.795455
9.409247
5.893054
8.425810
9.676478
6.160709
8.330205
11.272104
7.605524
10.722548
5.448871
7.402312
7.896672
10.426104
7.914562
6.911478
9.432608
7.191859
4.631668
11.009904
6.703193
7.501421
7.857596
6.986383
10.256463
7.943723
8.210966
6.338052
6.809099
8.482107
7.924699
6.673971
7.232382
9.125063
5.345851
10.371664
9.949907
8.456347
5.487564
4.529548
9.839572
8.879677
12.227548
7.164704
4.908474
9.219762
10.243319
8.170334
14.586379
11.348260
8.071223
9.906669
8.071353
9.585409
5.042112
9.898251
7.156691
6.988219
11.456378
9.358673
8.349988
9.995037
9.905172
5.659479
10.265263
8.241743
7.982782
6.968295
8.085647
9.184031
5.217332
8.559420
9.450112
7.788528
8.040155
5.972598
6.554450
9.264827
7.415995
7.402462
6.086772
8.881395
5.496649
9.139092
8.875421
8.272428
8.528668
8.491958
7.849259
8.331870
13.820349
2.927541
3.893039
12.819158
7.751098
8.423397
7.382725
12.352848
6.351042
7.627247
10.406375
7.896191
7.823897
6.214897
8.294115
7.806941
9.019640
4.709964
8.745651
7.847865
5.166269
8.898477
6.932330
8.827997
8.688630
5.564526
6.008902
10.888057
7.075024
8.590564
8.340798
8.472959
9.556943
8.399666
5.670247
7.359732
7.174093
8.660321
9.185365
8.453007
11.745291
7.552727
11.679592
7.984799
3.852033
9.557441
8.978985
7.491744
10.999114
6.250437
4.668520
5.381907
5.541738
5.643571
8.897576
8.163133
5.955192
6.179542
8.451916
9.074699
8.114089
9.818343
7.902451
10.896110
10.263978
7.890450
8.227478
10.158459
6.995328
4.507656
8.491702
8.235593
8.242710
7.922592
7.277861
12.195752
7.198597
8.097942
8.264948
7.123822
9.809343
6.957518
6.116594
8.817165
9.392644
5.827497
5.365038
13.038060
11.015277
11.218642
12.600890
6.159636
7.357433
7.604097
11.283149
6.335807
7.815975
7.313148
8.811302
8.275052
10.397425
3.205303
10.448261
8.282500
11.018793
9.903414
7.660191
8.432762
8.794061
8.255000
6.940698
7.619821
9.981239
8.480341
9.088373
8.796374
7.259842
8.244449
5.247321
9.023832
10.690567
6.615832
5.990777
10.779743
8.476841
11.685815
8.065142
11.255273
10.453362
8.122054
6.232190
5.567860
9.338006
5.162290
4.035291
8.431035
5.811789
6.820722
6.367678
8.383020
4.851284
6.597621
8.206618
12.863130
4.362072
9.058512
9.475590
4.715116
9.651786
7.538890
10.408049
9.779620
10.760775
7.811134
4.938065
13.987283
6.007932
8.144121
9.048887
8.048560
7.734113
10.459558
7.677284
5.352804
7.162263
5.741344
10.971244
8.176965
6.683716
5.979517
6.829789
12.252295
10.629258
9.569232
9.257794
11.571205
5.696293
5.506933
6.781221
6.341331
9.949077
9.754062
9.115727
5.300140
5.212041
7.638336
8.241581
4.392268
6.994662
8.120903
10.569598
4.876352
6.753818
7.957833
10.228673
8.633119
11.327500
9.711025
6.533548
8.208045
9.551616
5.483672
9.017927
7.414709
5.385250
7.630246
6.988004
5.733464
6.033477
6.755310
8.472427
8.854098
6.779978
7.929636
9.298483
9.150651
6.579328
2.310885
3.338063
11.571140
4.950712
8.820507
7.966762
9.656602
9.470308
6.725314
8.458440
7.979794
7.997375
3.956060
5.958798
8.198750
