6.431234
11.042579
9.367873
8.684588
6.386332
8.263565
9.369095
8.433682
7.780307
9.156052
7.294421
9.053284
6.265120
9.036734
9.187221
6.233556
6.884568
8.753166
5.268798
4.763117
11.238497
6.747318
7.786514
7.340029
7.569840
7.654032
5.022017
6.541663
6.860447
2.873490
6.326904
7.891652
8.040707
7.293209
7.494635
9.926933
10.700605
7.678061
5.651312
11.157375
9.587932
7.631294
7.361249
7.012781
4.933432
6.497638
6.810436
5.435849
9.914420
7.098187
4.323670
8.555337
4.053251
8.608930
9.259347
9.470410
6.594894
11.135069
6.592990
8.143610
9.680185
7.937199
4.034754
7.780057
8.511493
9.617533
8.144874
5.686997
8.841299
5.622581
6.328493
7.402247
10.500810
7.697474
4.362026
4.303322
7.808443
8.489655
6.784665
9.901552
6.611079
7.631263
6.272091
6.826458
6.666258
6.015758
9.968413
6.116131
10.337491
7.487700
4.074523
9.733372
10.160725
4.903981
6.277588
8.315921
10.302625
8.368349
12.046380
9.878848
6.895223
9.226051
8.523681
11.426343
5.824362
7.079235
10.463978
6.588564
6.613210
8.131546
9.616109
9.016447
9.600499
4.111573
6.019288
10.332826
6.384579
7.345769
3.583293
7.600787
5.794274
7.456226
8.018662
9.703018
8.214712
6.256461
5.338408
8.380750
2.725632
7.097049
6.232810
12.224747
6.295634
6.433406
6.503513
10.126954
7.305809
11.444293
5.841088
8.287409
7.440123
12.357881
6.074454
5.280715
8.687012
9.669989
8.843894
6.294476
7.762412
5.528096
6.627570
8.080863
5.207959
5.240691
7.987691
8.563036
8.793878
7.494876
7.763975
8.086016
8.147951
6.246821
6.852073
6.055182
6.790218
8.688844
10.716553
7.455519
4.578528
4.888902
8.521146
4.837253
7.543954
5.280327
8.116121
4.432518
7.337799
6.138765
8.926260
8.968120
8.880589
8.982286
10.306970
7.250700
7.345563
7.608362
5.604059
8.875052
8.190427
8.088398
6.885262
9.041190
7.386696
11.675504
2.528243
6.502331
7.758952
12.589508
6.978425
8.176863
9.510520
12.644760
7.517123
5.923519
7.881143
12.349923
8.550596
7.206826
5.956142
8.962119
7.933634
6.235502
12.821520
7.626050
7.711377
7.445242
7.230091
8.566963
8.872307
8.506841
3.539831
7.828305
10.298948
7.862856
10.023505
7.608103
8.339298
7.286744
9.295942
9.007565
5.183305
8.151545
6.961923
7.793091
8.543606
8.048117
7.308369
8.067557
6.291285
9.725083
8.109981
5.382937
5.848404
6.779934
4.930853
8.529070
9.209887
9.029570
8.666883
7.189868
5.574883
8.719272
6.475764
7.519089
9.021296
8.616189
9.710344
9.425708
8.223328
8.835622
7.824744
9.865863
8.209443
8.153272
8.778583
8.946816
4.550324
6.157556
8.534059
10.634572
9.837529
6.158458
4.581683
9.290197
7.217068
6.808887
7.503796
6.856345
9.820030
9.758710
7.382431
7.731161
9.111786
8.450669
4.915127
11.711210
7.323386
8.819578
6.518319
10.652636
5.681871
7.168283
5.985262
8.460491
11.914837
5.420124
6.437932
8.681735
8.049338
6.164703
10.660612
11.669169
9.248405
7.742856
6.123924
7.155825
5.196980
7.479841
10.205261
7.918778
10.943234
9.251566
14.373355
4.563959
9.538952
8.713593
6.773981
5.930199
7.336554
6.295019
8.026012
7.468346
9.046936
8.801931
6.177286
6.869035
10.855826
9.422995
6.005700
8.167280
4.385727
4.254715
7.713300
7.314670
6.582650
6.716912
7.328964
8.706128
6.477392
7.593666
9.492105
6.762750
10.405480
3.348570
8.863374
8.800481
7.988543
10.686664
6.592620
7.422788
8.685322
6.790319
5.921043
12.185711
6.224240
11.124335
7.510067
10.181071
11.920145
11.242788
8.645279
8.693460
4.351633
7.140299
9.897334
5.726416
10.749154
7.497570
5.959672
6.099300
8.990897
8.777041
10.237161
8.939556
5.277907
6.566800
8.334652
6.696142
10.867606
5.470938
6.013755
7.345538
6.213594
8.390659
9.931263
6.283562
6.964966
7.378341
8.398286
9.889999
9.563038
7.995513
6.857148
7.092877
9.248756
9.253903
8.112081
9.265286
12.085605
5.417918
5.589264
8.061129
10.593096
8.664832
9.716337
5.782134
8.833325
7.108239
6.144209
8.767548
8.618999
7.167568
9.441542
7.487852
9.869370
4.964686
7.469687
9.155583
7.027759
7.620313
6.993026
10.193795
9.448493
8.340027
2.556884
7.234821
5.160533
7.084999
6.371074
9.539472
7.260423
6.962449
5.749628
10.488592
5.494167
9.569449
8.938901
9.775184
10.829780
9.894273
8.675931
7.782218
8.373001
6.936966
7.416350
6.329073
7.654814
5.876898
4.447618
8.322253
6.726696
6.152947
6.819880
7.779543
11.715945
10.040478
6.716497
10.532794
6.191458
8.056386
6.408124
11.542635
4.689715
13.353633
6.929927
6.649189
9.891679
10.096930
10.516895
9.966297
9.006161
6.788052
3.748800
5.132067
10.716406
8.368313
8.553576
10.683969
13.991361
9.807531
11.826409
3.829376
9.071538
6.799635
6.747619
6.629315
5.182114
8.807120
9.999940
3.832791
10.564674
8.783731
8.590641
6.998602
7.845909
8.341552
7.885057
3.802528
6.170968
7.499880
